4.70913
0.460201
0.0250798
0.149011
1.44977
0.735045
0.619627
0.49659
-0.369911
-0.0900331
-0.0233072
-0.00871459
4.8052
0.149456
0.0641244
0.299181
1.37498
0.777432
0.732175
0.447053
-0.455397
-0.0427053
0.0440696
0.0357248
5.11954
0.143318
-0.0616015
0.323485
1.30464
0.764744
0.695156
0.428098
-0.397465
-0.103401
0.0499236
0.0394141
4.95129
0.169336
-0.0698725
0.298317
1.48032
0.703593
0.678918
0.420033
-0.352539
-0.131136
0.0160831
0.101942
4.93736
0.18789
-0.108249
0.20848
1.47246
0.792827
0.59107
0.503872
-0.339174
-0.0934034
-0.0408952
0.0489811
