4.3543
1.91157
1.89289
1.55183
0.413819
0.281575
0.381532
-0.145319
-0.195124
0.0973704
-0.142615
-0.346571
4.20629
1.7935
1.79834
1.60232
0.506477
0.193808
0.300855
-0.117857
-0.217028
0.0519037
-0.172163
-0.371921
4.31241
1.82221
1.8383
1.68039
0.61546
0.184579
0.155821
-0.160825
-0.180748
0.0898927
-0.239628
-0.368239
4.56918
1.6747
2.01369
1.86989
0.365686
0.103517
0.300857
-0.204236
-0.312606
0.0575164
-0.199365
-0.396902
4.38542
1.98836
1.84317
1.55013
0.555106
0.282396
0.255402
-0.148204
-0.207
-0.00127983
-0.213354
-0.330383
