5.3065
1.22126
0.988365
0.379718
-0.417408
-0.525362
-0.489169
-0.508534
-0.220355
-0.0372137
0.0237131
0.119213
5.7063
0.977327
1.03838
0.434332
-0.371204
-0.476735
-0.436722
-0.500832
-0.272574
-0.0470546
0.0307983
0.0911061
5.54191
1.04967
1.01001
0.483181
-0.242593
-0.47428
-0.4326
-0.520053
-0.267807
0.0371797
-0.00542528
0.031691
5.54156
0.975433
1.23208
0.517583
-0.37805
-0.488166
-0.456945
-0.497272
-0.12622
-0.00986903
-0.0562468
0.0868498
5.69171
0.849518
1.31068
0.567281
-0.402727
-0.382568
-0.489156
-0.492684
-0.0514112
-0.0323229
-0.094434
0.0966055
