4.24291
0.764989
-0.0638991
1.15286
1.6141
0.874542
0.76919
0.11327
0.173664
-0.0600585
0.245131
0.277921
4.01872
0.744092
0.101408
1.14113
1.61181
0.838508
0.667981
0.268667
0.164501
-0.124877
0.265341
0.266268
4.11595
0.697383
0.0192123
1.25997
1.47909
0.827494
0.793239
0.092645
0.240585
-0.0614228
0.221539
0.257899
4.33886
0.611539
-0.046226
1.26787
1.47534
0.84748
0.792789
0.0361292
0.243086
-0.0758306
0.240996
0.22832
4.19277
0.542195
0.0395651
1.22991
1.5056
0.831676
0.759366
0.0509399
0.235445
-0.0519673
0.167134
0.222845
