4.54628
2.53951
1.35124
1.29192
1.3541
0.0402562
-0.0957702
-0.330923
-0.110539
-0.179797
-0.40999
-0.358331
4.73367
2.46829
1.2142
1.21682
1.44264
0.0250512
-0.138779
-0.322396
-0.165621
-0.239936
-0.504912
-0.384972
4.59926
2.63484
1.3739
1.31681
1.39917
0.0596278
-0.102137
-0.30446
-0.139979
-0.158702
-0.400209
-0.359417
4.45421
2.5779
1.41017
1.23264
1.33932
0.117545
-0.161909
-0.366561
-0.242704
-0.138744
-0.444329
-0.384096
4.28025
2.6139
1.54679
1.17187
1.34066
0.108803
0.0588848
-0.291478
-0.201866
-0.105043
-0.35204
-0.279626
